$ANSIBLE_VAULT;1.1;AES256
66303833636438386239313934393361616331633836616236373262383639616435646538646133
3962383365653931636434613065383931363430306262350a303464323433313538663637363663
34396239396434346536373834613839333935613262373861626232393931653061333464323239
3835386239626361630a393137346336623433373938623636356465636539366164633039623131
39646230613338323539306635333132633364313331633933616566396233353262333439366438
32343033633266663839303536393433356535626461383066396336623433363732636566623766
64623961393962383130346464336562616535343962346165383539383636653135396162373035
32336639623562623930363766383330316161343132356164666262313663373733616239633638
35643936363031623438343735323832313366363638336266313532383139346232393837313364
33356233373361323435643036313264643735653130326236333536663264313063326632353139
34646365626236626137636163623663373835323162343334353862633638316362613037393737
31393238336434393230366432373536353763336562356330633034353635333262623266393839
37396364313461333961326330393138373761396635373639623062373637333232326234626161
30323730353361376531653764646636326637633336613762323734326433363165623632636435
62396564386331666437383130653162306436323933333431333032643836333437626562393964
30646432373732396433653035336164663639616539666232643130633834383233353138303465
35643438643637663830633736613135326133313934373135303233333239353835306562303036
65333564653263613966353936613332653234316564373637393563623437363863326639323430
61306239383932306465373939343530616166643535336532656434326365356566393466653932
37323766393535333739636165623262313039326466646239323932383337383139363261643665
63353130646165323135373261646232626531366263643034366430623931383530656233383934
38343163313539623338303336623936646331363134373530633533626239353762626462353130
33643038643138613964626236323266346130326135363433356463633839626366623864316639
35363937633031393362
